2.69165398653 2.77084836355 1.85571315468 4.7377114075 3.57432610362 2.61759797638 3.72798843065 1.02039401807 4.55632837729 3.33790647516 7.12441253356 9.62993847055 3.31142090874 5.31913934516 3.3109703568 4.76818995716 3.3960180611 4.83002420777 6.81154021228 4.34546651082 6.67242740982 4.91591387965 5.56949546 6.93869538776 5.659646557 5.90424504331 9.917620543 6.9053589675 5.80674667883 5.26366019284 7.75813629365 8.53132618188 8.18301948761 8.24364410943 9.62993847055 9.62993847055 11.0162328317 11.0162328317 0 0 9.40679491924 0 0 0 
2.7628293945 1.80187737923 1.68233176655 2.0423597277 3.28408569772 1.83798262508 4.60497536182 5.88266771335 6.21603796998 4.95748459735 6.97354301952 9.72893934122 3.32868189591 4.32790130398 3.26081721521 3.6640976084 3.59949309155 4.48191526906 5.45353664625 3.62009588051 5.37573314508 4.59367580656 5.15048654357 5.52696411481 4.66807192164 5.35375423836 7.39063616562 7.04543024903 6.12789805207 5.09509335525 8.15654270047 5.42610350447 7.99970022897 7.86415473698 10.3350751448 9.18239563485 12.126834614 9.56188525656 11.0282223253 0 0 11.4336874335 0 0 
3.68538066247 1.91902100754 1.70882929446 2.40864496025 4.05407844195 1.34826973871 5.15317758554 8.09834729181 7.6836655286 3.75526363109 6.76921134453 5.66692932698 3.61770156389 3.4031840673 5.06245991273 2.93372006065 5.54413917618 3.3326184297 6.3467348906 2.94738660702 5.161981751 5.30428930357 5.59168821023 6.28596853538 5.36650822875 5.63567678347 7.31876760548 6.70858672272 7.26302562247 5.85145110468 8.94102620634 6.58505323993 8.68613395672 8.7374272511 9.81006405337 8.68613395672 11.6818662303 11.6818662303 12.3750134108 0 12.3750134108 0 0 0 
2.59065479084 2.65033289106 0.84513526443 5.89508462057 2.64957631829 2.86078532021 4.79809176546 6.46078685456 6.19908026851 4.63128705735 7.33114049125 0 4.77249036722 5.80686038716 3.84395266173 2.09524144607 3.71527071154 7.03330604733 5.40883025754 3.99893598108 6.71210128284 4.75216128558 5.04087588264 4.49194268888 3.96736951511 5.21414760392 8.17843835164 5.8157890179 5.55307986638 5.01035469361 7.41629829959 7.72645322789 7.21562760413 8.00408496449 9.14351924768 9.83666642824 0 9.61352287693 0 0 0 0 11.2229607894 11.2229607894 
3.46599701077 3.59992641335 1.14237204937 1.32576700685 3.7301269929 1.67053040106 6.64126919816 4.8834112806 9.75478450737 6.47763977437 7.88298233046 9.06163732681 4.77460842075 6.02909108013 5.90463690566 2.72171903742 5.65214114233 4.32763426897 7.67534296569 4.76775907891 8.36849014625 6.05348253325 5.61961795062 5.60374460147 6.30479696153 7.88298233046 9.34931939926 6.86441274947 8.14534659493 5.45071941416 9.06163732681 4.56460929944 9.75478450737 8.50202153887 0 9.75478450737 0 0 0 0 0 0 0 0 
2.10823159986 1.75263255447 1.91245636019 4.66867099216 3.98916320469 2.85619170796 3.60387532587 6.95537303898 4.99059440562 3.03369977772 6.73344234409 8.19011750198 2.72584441015 5.13670611683 2.64877226081 4.18505963058 3.07888300932 2.95667204547 5.68459156498 2.71452601777 4.58258368732 4.40924776677 4.77718370669 7.4561483269 4.75344573212 4.90592221099 7.69187066042 6.58067958954 4.72048295876 6.3247462154 7.57268214315 8.3236488946 6.85183236004 7.96697395066 9.22810516883 8.66012113122 12.0613185129 9.86409393555 11.3681713323 12.0613185129 9.22810516883 11.3681713323 0 0 
3.60364270048 2.00923728301 1.95518904193 2.94207234279 4.63860496207 1.81663101465 1.50659507023 7.99101217957 7.10370898457 5.61943421509 7.45201567883 0 2.69269481302 3.07940826608 4.24319018982 4.53424494675 4.13178735971 5.27348323451 6.24804287451 3.04225228919 5.36221135012 5.32180181178 6.06572131771 8.5506279675 6.47118642582 6.64108546262 8.83831003995 7.53902705582 6.71804650375 4.43975410333 5.10860859132 7.73969775129 8.32748441619 8.83831003995 0 0 0 0 0 0 0 0 0 0 
3.41506976428 2.40930310813 1.11903051541 3.00835073751 2.93585523548 1.41695259609 5.40457656084 7.1514854639 7.38787424197 6.20410414496 7.32333572083 0 4.24085252087 3.00003122197 5.20557531485 3.43406970253 4.72994842805 5.25964253612 6.00157988085 3.69069598504 6.24577684136 4.48645264789 5.16145050994 5.93704135971 4.14008707361 5.45153354393 8.48648653064 5.96879005803 5.84742920102 5.76519110278 8.01648290139 6.24577684136 7.53097508561 8.15001429402 0 0 10.0959244431 9.40277726251 0 0 0 0 0 0 
4.28934055991 2.19470885274 1.28143775074 3.26850597229 5.40857213578 2.37602588911 4.28934055991 0 4.59764191957 6.23525070897 8.18116085802 0 3.16388102121 4.81386502804 4.96228503316 3.85042751774 1.47920049202 3.91848098098 7.08254856936 3.87709576482 5.87857576503 3.58604100789 5.98393628069 6.10171931634 3.01067686299 7.08254856936 0 0 0 5.98393628069 0 0 0 0 0 0 0 0 0 0 0 0 0 0 
3.47860653407 2.21695461816 2.67959345088 3.48228977949 5.73450451309 1.62593413396 4.04583393758 9.77755578093 8.27347838415 0.814267505319 4.55719995585 9.37209067282 3.40338311284 6.80714131536 5.65042139588 6.83311680176 5.71711277038 4.35040554254 6.642061565 3.73018360188 6.28104821946 8.1681178685 6.66404047172 0 6.25119525631 6.41025995094 8.52479281243 7.90575360403 9.08440860037 6.83311680176 10.4707029615 8.27347838415 10.4707029615 0 10.4707029615 10.4707029615 0 0 0 0 0 0 0 0 
3.16273438181 2.11021320035 1.55600283098 3.47781542845 3.27714473299 1.22652362985 3.51555575644 6.77365229446 6.77365229446 5.16421438202 5.85736156258 6.77365229446 3.29241220512 5.38735793334 3.40635646447 4.47106720146 3.40635646447 4.90185011756 6.77365229446 4.208702937 7.46679947502 3.88328053656 6.77365229446 5.38735793334 5.16421438202 5.16421438202 0 6.36818718635 6.77365229446 3.51555575644 6.77365229446 6.0805051139 0 5.52088932596 7.46679947502 0 0 0 0 0 0 0 0 0 
5.04127226356 1.12260471541 3.14415227867 2.42631248552 3.57493519476 2.09683328439 4.348125083 0 0 6.83303173279 6.83303173279 0 2.27915484119 6.83303173279 4.19397440317 6.13988455223 0 4.12498153168 4.53044663979 1.82239643869 4.43513645999 0 4.53044663979 0 5.04127226356 3.78850929506 6.83303173279 6.13988455223 6.83303173279 6.83303173279 0 6.13988455223 6.83303173279 6.83303173279 0 0 0 0 0 0 0 0 0 0 
2.95415414669 2.03201796671 1.22026001494 7.26255346291 3.40032112198 4.07561068514 2.67612931974 7.41670414274 3.99217008089 3.86493390259 7.12902207028 0 4.4635314836 4.59087090598 2.2578883358 3.81711137945 2.22536897644 8.39753339575 3.95357580334 4.08301264344 5.40737216724 3.64970690936 4.88764770833 6.8570883548 4.27578985934 5.6043253863 8.29217288009 6.66293234036 5.22878195806 5.87625910179 6.88118590638 0 7.2274621431 9.49614568442 9.49614568442 10.5947579731 0 9.90161079252 9.49614568442 0 0 10.5947579731 0 0 
3.19736590884 1.4125054797 2.62583199175 2.18848432548 4.54871611357 1.05437540019 6.98013407841 6.19737473916 7.67328125897 6.5746689703 6.03915073394 9.75272280065 3.71485188072 5.44865770744 4.4346028068 4.62282408572 4.94870175591 4.86237367242 6.75699052709 2.65434716206 4.78290950107 6.28698689785 5.37069616597 7.18777344318 5.96853316673 5.39601397396 7.26781615086 6.70820036292 7.96096333142 6.45688593464 0 6.75699052709 9.75272280065 8.65411051198 9.05957562009 9.05957562009 0 0 0 0 0 0 0 0 
2.79685453818 1.38071094259 1.57723400948 2.59876877769 3.51256677873 2.925471916 4.89059663 3.45414130258 9.28504578467 7.38792579979 7.05145356317 0 2.96788109793 5.20187452305 4.12599048546 3.73208619975 3.82262740745 4.63426508743 5.50085615076 2.32786562236 5.11065851478 5.53162780942 5.1004543446 6.62245795765 5.20750834077 4.94993606979 7.67560787224 6.19400333132 7.16478224847 4.1107810668 8.99736371222 6.28931351112 9.69051089278 7.81870871588 9.28504578467 9.69051089278 0 9.28504578467 0 0 0 0 0 0 
4.57370525986 2.77029809178 0.991257693804 2.80102305748 5.01377589714 1.28207644584 6.92508051702 9.96960295474 0 8.46552555797 8.46552555797 10.6627501353 4.91017749648 3.64973434566 6.19684201665 2.53269109531 7.05183222266 2.99185530394 6.71150641672 3.60399198278 5.93536231659 6.97387068119 6.37229069415 6.67376608874 5.76491033535 6.51961540891 7.9546999342 7.82953679125 9.05331222287 5.97140225307 9.96960295474 7.48469630495 9.56413784663 0 0 0 0 0 0 0 0 0 0 0 
3.40514924598 2.25702710977 0.981857629105 2.6426492875 4.55244371328 2.32506609778 2.87655584237 8.03879890329 5.43200243589 5.62090296378 7.59696615101 0 3.87127272377 4.10697327056 4.70659439311 3.9261052024 2.80769028643 4.00948681133 4.77643796648 3.68494314558 5.60129449239 3.89566417689 5.29438105801 6.90381897045 4.73069194469 6.73951591916 8.29011333157 7.83812820782 3.87127272377 6.00191697602 8.44426401139 8.03879890329 8.44426401139 9.54287630006 0 0 0 0 0 0 0 0 0 0 
3.67017714574 1.42189042554 1.36236689871 7.10108742472 3.24891553083 2.76410796794 4.44851637594 7.94838528511 5.63475035593 4.38986764886 6.45673040833 0 2.89426487908 5.54043967646 3.11210337816 2.64674012847 3.13620092974 5.42711099115 5.16887612003 2.81324065652 4.93612370961 4.59265027753 4.69887249078 5.18978280485 4.46885606018 5.28579745809 7.50655253283 6.74441248079 5.61301036929 6.71162265796 8.19969971339 0 7.43755966135 8.35385039322 10.1456098624 8.75931550133 0 7.94838528511 0 0 0 0 0 0 
3.12228672108 1.6374598358 1.25185097573 2.15636087357 3.96172599485 1.81443378627 6.86589107488 6.86589107488 0 8.252185436 7.55903825544 0 4.69683737451 5.20766299828 4.75567787454 3.33953055027 5.11669122007 4.7864495332 5.36181367811 2.89559916133 6.05496085867 5.30774645684 4.95634857 6.64274752357 4.88488960602 5.20766299828 7.15357314734 5.61312810639 6.46042596678 5.68723607854 7.55903825544 6.46042596678 8.252185436 0 6.86589107488 8.252185436 0 0 0 0 8.252185436 0 0 0 
4.09541183168 0.47140596321 5.03200782972 5.04166974063 2.08034132098 4.54256300098 6.44427767724 8.06696081643 9.38871665641 7.7304885798 4.96686852755 10.7750110175 2.60737530228 6.94636962104 5.08803566119 7.16409310488 7.1374248578 6.26415151101 8.69556947585 2.45140257518 4.61591562904 7.88463925963 5.11205053739 10.081863837 6.73195974969 4.69966498644 7.21966295604 6.80471910398 9.67639872886 7.83057203836 9.38871665641 8.69556947585 9.67639872886 7.06143895082 9.38871665641 7.83057203836 10.7750110175 0 0 0 0 10.7750110175 0 0 
7.30199090514 0.0752365891989 7.58967297759 8.68828526626 4.35755192597 5.16192474164 8.68828526626 0 0 0 5.55279105033 0 3.8207508158 7.58967297759 7.07884735382 7.9951380857 0 8.68828526626 0 4.31883741379 5.13293720477 7.58967297759 5.74384628709 0 0 7.07884735382 7.07884735382 0 0 0 8.68828526626 0 0 0 0 0 0 0 0 0 0 0 0 0 
3.04568556667 2.08050769153 1.16437213073 3.06418558041 4.52363082317 2.13963033869 5.00802318987 7.45037022524 7.16268815279 6.60307236485 8.1435174058 7.85583533335 3.73679815853 3.74906825113 4.82328908667 2.96736767322 4.42994533909 3.9742715354 5.45794006055 3.61450858077 5.57856804834 2.10963214281 5.8409323128 7.63269178203 3.62172882875 6.84423442167 6.93954460147 8.54898251391 6.24639742091 6.53407949336 7.85583533335 9.24212969447 9.24212969447 0 0 0 0 0 0 0 0 0 0 0 
4.15838428877 2.34557141034 2.31311766549 1.75566507994 4.51202432901 0.805498462424 6.13672971358 8.70167907104 8.70167907104 5.99362886994 6.75576892198 0 4.0572881719 4.13733087957 4.91748943712 3.52552933847 5.9290903488 3.62650525581 6.62223752936 3.48132324596 5.61063661768 5.99362886994 5.44358253302 6.62223752936 7.31538470992 6.30378379824 7.31538470992 0 8.70167907104 6.06262174142 0 5.56618485511 0 8.70167907104 0 0 0 0 0 0 0 0 0 0 
4.0586821367 2.40142634991 2.37077260882 2.82060371989 5.64791734181 0.725749029041 0 7.95050243481 7.95050243481 7.25735525425 0 0 4.77244860446 4.28694078868 6.34106452237 2.56600737202 7.25735525425 2.50808472429 0 3.23200356351 6.34106452237 0 6.85189014614 4.1003548331 0 6.00459228575 0 7.25735525425 0 6.00459228575 7.95050243481 6.00459228575 0 0 0 0 0 0 0 0 0 0 0 0 
4.75531284442 4.26061660258 0.452870689087 2.36593862135 4.49808997945 2.69607401006 7.28104148873 7.97418866929 6.87557638062 7.97418866929 7.97418866929 0 6.2395876139 4.69077432328 5.85392513309 2.38071721545 4.66608171069 5.40923931182 6.12836197879 6.2395876139 8.37965377739 5.06546777272 5.22265335624 4.97845639573 4.09606721553 7.68650659683 0 7.97418866929 6.30021223571 6.0770686844 0 7.46336304552 7.28104148873 9.07280095795 0 0 0 0 0 0 0 0 0 0 
4.42684065046 2.80415751128 4.1904518724 1.33579819711 6.32396063535 0.546308312127 7.42257292402 7.42257292402 0 7.13489085157 6.72942574346 7.82803803213 4.41031134851 4.73699557877 6.44174367101 6.44174367101 6.44174367101 4.75998509699 7.82803803213 4.27268997064 6.72942574346 7.82803803213 6.44174367101 0 7.82803803213 5.68797186863 0 7.42257292402 8.52118521269 6.72942574346 8.52118521269 5.0871980082 0 8.52118521269 0 7.42257292402 0 0 0 0 0 8.52118521269 0 0 
0 0.193750252618 4.88280192259 5.17048399504 3.70414692624 3.43588293965 0 0 0 0 6.26909628371 0 4.88280192259 6.26909628371 0 5.57594910315 0 0 0 2.90180045372 3.5610460826 0 5.57594910315 0 0 0 5.57594910315 0 0 0 0 0 0 0 0 0 0 0 0 0 0 0 0 0 
3.19472692409 1.93946082538 1.51093044434 1.2413261033 3.40913679543 1.65052953352 6.13916590326 0 0 7.23777819192 5.8514838308 0 4.46518946968 5.62834027949 7.23777819192 5.15833665024 6.54463101136 4.34740643403 5.8514838308 4.29333921276 0 0 6.13916590326 6.13916590326 6.54463101136 5.29186804287 0 5.04055361459 0 6.54463101136 7.23777819192 6.13916590326 0 7.23777819192 0 0 0 0 0 0 0 0 0 0 
4.17330706455 3.18592041099 0.673084985681 3.31851853244 4.68999780777 1.27130726866 6.13691679071 7.52321115183 6.13691679071 7.11774604372 7.11774604372 6.83006397127 4.99748250752 4.99748250752 5.50830813128 3.93969221337 4.88415382221 4.55279668626 6.13691679071 4.68999780777 6.60692041995 4.88415382221 5.91377323939 8.21635833239 4.71985077092 6.83006397127 8.21635833239 7.52321115183 5.22062605883 6.60692041995 0 0 5.65140897492 0 0 0 0 8.21635833239 0 0 0 0 0 0 
3.43508381607 1.73467412543 2.1065482891 3.00498140357 3.97116910659 0.975436833037 4.00667579505 7.03922204172 4.45522448929 5.71746620174 5.86056704538 7.32690411418 3.4215700969 3.994699604 4.99152919836 4.73663694873 3.48387398024 4.28238167645 8.42551640284 3.23255955195 5.94060975306 5.48107742368 5.71746620174 0 6.22829182551 6.34607486116 7.73236922228 6.81607849041 6.12293130985 4.47427268426 7.32690411418 5.86056704538 0 5.94060975306 8.42551640284 7.32690411418 0 0 0 0 0 0 0 0 
3.56751859711 1.61145607659 2.91073906072 2.91073906072 5.51342874616 1.27210199359 3.43398720449 6.20657592672 0 5.51342874616 4.26066577767 0 2.44537581103 4.59713801429 4.00935134939 5.10796363806 5.51342874616 5.51342874616 0 2.37793453024 5.51342874616 6.20657592672 4.59713801429 0 0 6.20657592672 0 6.20657592672 6.20657592672 4.59713801429 2.68021540211 5.51342874616 0 0 0 0 0 0 0 0 0 0 0 0 
4.28570632948 6.15750850638 6.44519057883 0 0 0.0300936196618 0 7.5438028675 0 0 7.5438028675 0 0 7.5438028675 7.5438028675 0 0 0 0 6.85065568694 0 0 0 0 0 0 0 0 0 0 7.5438028675 4.77121414526 0 0 0 0 0 0 0 0 0 0 0 0 
3.82646511707 3.18461123089 0.999151495137 2.83321334406 4.18314006101 1.11177037325 0 4.33729074083 0 6.12905021006 0 3.13331793651 4.33729074083 4.74275584894 6.12905021006 3.35646148782 0 5.03043792139 6.12905021006 4.18314006101 6.12905021006 0 0 0 4.51961229763 6.12905021006 0 0 5.4359030295 5.4359030295 0 0 0 0 0 0 0 0 0 0 0 0 0 0 
3.37354585033 1.69390367922 1.80114920958 2.99885240089 3.28653447334 1.10800202902 0 5.77144112313 0 5.07829394257 3.69199958145 0 5.07829394257 4.67282883446 5.07829394257 5.07829394257 5.77144112313 3.57421654579 0 3.46885603014 0 0 5.77144112313 0 5.77144112313 0 0 0 0 2.93822777907 0 4.38514676201 0 0 0 0 5.77144112313 0 0 0 0 0 0 0 
2.63905732962 1.60943791243 2.30258509299 1.35812348415 3.55534806149 1.35812348415 0 0 0 0 0 0 0 0 0 4.24849524205 0 0 0 3.55534806149 0 0 0 0 0 0 0 0 0 0 0 0 0 0 3.55534806149 0 0 0 0 0 4.24849524205 0 0 0 
3.11351530921 0.671168273841 4.21212759788 0 1.21639532432 4.90527477844 3.295836866 0 0 0 3.51898041732 0 3.80666248977 0 4.90527477844 0 0 0 0 4.90527477844 0 0 4.90527477844 0 0 0 0 0 0 0 0 0 0 4.21212759788 0 0 0 0 0 0 0 0 0 0 
2.07944154168 0 1.38629436112 2.07944154168 2.07944154168 1.38629436112 0 0 0 0 0 0 0 0 0 0 0 2.07944154168 0 0 0 0 0 0 0 0 0 0 0 0 0 0 0 0 0 0 0 0 0 0 0 0 0 0 
3.15700042115 3.85014760171 0.554310735706 0 3.15700042115 0 0 0 3.85014760171 0 0 0 0 0 0 2.24070968928 3.85014760171 0 0 0 0 2.24070968928 0 0 3.15700042115 0 0 0 3.85014760171 0 0 0 0 0 0 0 0 0 0 0 0 0 0 0 
0 0 0 2.30258509299 0 1.20397280433 0 0 0 0 0 2.30258509299 0 0 0 0 0 0 0 1.60943791243 0 0 0 0 0 0 0 0 0 1.60943791243 0 0 0 0 0 0 0 0 2.30258509299 0 0 0 0 0 
0 0 -0.0 0 0 0 0 0 0 0 0 0 0 0 0 0 0 0 0 0 0 0 0 0 0 0 0 0 0 0 0 0 0 0 0 0 0 0 0 0 0 0 0 0 
0 3.295836866 0 3.295836866 0 0.160342650075 0 0 0 0 0 0 0 0 0 0 0 0 0 0 0 0 0 0 0 0 0 0 0 0 0 0 0 0 0 0 0 0 0 0 2.60268968544 0 0 0 
0 0.559615787935 1.2527629685 0 1.94591014906 0 0 0 0 0 0 0 0 0 0 0 0 0 0 0 0 0 0 0 0 0 0 0 0 0 0 0 0 0 0 0 0 0 0 0 0 0 0 0 
0 0 0 0 0 -0.0 0 0 0 0 0 0 0 0 0 0 0 0 0 0 0 0 0 0 0 0 0 0 0 0 0 0 0 0 0 0 0 0 0 0 0 0 0 0 
0 0 0 0 0 -0.0 0 0 0 0 0 0 0 0 0 0 0 0 0 0 0 0 0 0 0 0 0 0 0 0 0 0 0 0 0 0 0 0 0 0 0 0 0 0 
